[bg9_copy.JPG]
filters=tilt=1,0.082961,0.000000;
moddate=000067ad03d30000
width=3727
height=2098
textactive=0
